A_ID;R_ID;A_P;R_P;P_D
0;12;442;436;6
1;11;452;460;8
2;7;422;408;14
3;7;431;408;23
4;2;431;403;28
5;0;469;471;2
6;5;491;490;1
7;2;425;403;22
8;4;432;414;18
9;12;428;436;8
10;14;412;402;10
11;8;459;459;0
12;11;457;460;3
13;6;456;456;0
14;4;421;414;7
15;6;454;456;2
16;11;438;460;22
17;12;421;436;15
18;11;461;460;1
19;6;452;456;4
20;4;420;414;6
21;4;434;414;20
22;0;443;471;28
23;12;436;436;0
24;7;426;408;18
25;10;440;451;11
26;14;414;402;12
27;0;471;471;0
28;12;427;436;9
29;0;469;471;2
30;8;458;459;1
31;12;432;436;4
32;8;462;459;3
33;2;418;403;15
34;8;448;459;11
35;4;429;414;15
36;8;451;459;8
37;6;440;456;16
38;6;454;456;2
39;10;449;451;2
40;7;419;408;11
41;12;433;436;3
42;7;422;408;14
43;14;415;402;13
44;0;471;471;0
45;8;438;459;21
46;9;479;473;6
47;4;421;414;7
48;11;458;460;2
49;12;439;436;3
50;6;441;456;15
51;11;430;460;30
52;2;423;403;20
53;6;455;456;1
54;4;439;414;25
55;14;415;402;13
56;12;435;436;1
57;11;460;460;0
58;4;446;414;32
59;8;451;459;8
60;10;449;451;2
61;12;424;436;12
62;9;479;473;6
63;2;418;403;15
64;8;461;459;2
65;7;416;408;8
66;7;416;408;8
67;11;448;460;12
68;10;451;451;0
69;2;432;403;29
70;6;441;456;15
71;8;458;459;1
72;10;439;451;12
73;7;425;408;17
74;10;442;451;9
75;12;432;436;4
76;2;418;403;15
77;5;491;490;1
78;12;436;436;0
79;11;460;460;0
80;9;479;473;6
81;12;434;436;2
82;14;412;402;10
83;12;426;436;10
84;0;469;471;2
85;7;419;408;11
86;10;449;451;2
87;12;435;436;1
88;3;461;466;5
89;14;414;402;12
90;4;431;414;17
91;6;455;456;1
92;6;431;456;25
93;0;454;471;17
94;9;446;473;27
95;12;430;436;6
96;10;454;451;3
97;8;459;459;0
98;12;422;436;14
99;2;422;403;19
100;6;451;456;5
101;10;438;451;13
102;14;415;402;13
103;4;427;414;13
104;4;421;414;7
105;9;479;473;6
106;11;456;460;4
107;10;449;451;2
108;4;421;414;7
109;8;461;459;2
110;2;415;403;12
111;0;471;471;0
112;14;421;402;19
113;8;457;459;2
114;10;440;451;11
115;2;420;403;17
116;0;469;471;2
117;4;428;414;14
118;0;471;471;0
119;2;418;403;15
120;0;458;471;13
121;8;443;459;16
122;6;452;456;4
123;4;429;414;15
124;2;424;403;21
125;6;440;456;16
126;4;423;414;9
127;10;452;451;1
128;12;433;436;3
129;3;462;466;4
130;12;439;436;3
131;10;438;451;13
132;6;454;456;2
133;3;459;466;7
134;0;477;471;6
135;6;437;456;19
136;12;435;436;1
137;4;425;414;11
138;11;452;460;8
139;6;441;456;15
140;6;454;456;2
141;0;473;471;2
142;6;443;456;13
143;4;423;414;9
144;12;429;436;7
145;10;444;451;7
146;6;456;456;0
147;5;482;490;8
148;10;451;451;0
149;7;424;408;16
150;0;472;471;1
151;4;427;414;13
152;12;434;436;2
153;8;448;459;11
154;6;448;456;8
155;6;457;456;1
156;3;464;466;2
157;12;431;436;5
158;0;466;471;5
159;2;419;403;16
160;6;450;456;6
161;8;456;459;3
162;5;485;490;5
163;7;425;408;17
164;10;440;451;11
165;0;474;471;3
166;4;422;414;8
167;6;441;456;15
168;0;468;471;3
169;4;416;414;2
170;10;450;451;1
171;12;444;436;8
172;11;460;460;0
173;11;448;460;12
174;10;447;451;4
175;11;460;460;0
176;10;450;451;1
177;7;422;408;14
178;2;425;403;22
179;5;483;490;7
180;8;453;459;6
181;10;441;451;10
182;12;438;436;2
183;12;431;436;5
184;10;447;451;4
185;9;476;473;3
186;3;444;466;22
187;8;457;459;2
188;10;442;451;9
189;6;449;456;7
190;8;457;459;2
191;12;437;436;1
192;7;423;408;15
193;0;470;471;1
194;6;456;456;0
195;0;469;471;2
196;7;418;408;10
197;10;451;451;0
198;10;451;451;0
199;4;422;414;8
200;0;468;471;3
201;11;454;460;6
202;12;438;436;2
203;6;453;456;3
204;8;444;459;15
205;12;441;436;5
206;8;454;459;5
207;4;425;414;11
208;0;469;471;2
209;6;452;456;4
210;3;457;466;9
211;6;449;456;7
212;4;425;414;11
213;6;448;456;8
214;10;443;451;8
215;3;464;466;2
216;8;456;459;3
217;11;460;460;0
218;12;444;436;8
219;6;442;456;14
220;2;418;403;15
221;11;466;460;6
222;12;437;436;1
223;9;476;473;3
224;12;435;436;1
225;6;450;456;6
226;11;457;460;3
227;4;431;414;17
228;5;482;490;8
229;7;423;408;15
230;10;447;451;4
231;0;477;471;6
232;8;437;459;22
233;4;422;414;8
234;11;457;460;3
235;10;450;451;1
236;6;456;456;0
237;6;456;456;0
238;12;444;436;8
239;4;423;414;9
240;5;483;490;7
241;0;472;471;1
242;11;460;460;0
243;7;419;408;11
244;2;424;403;21
245;12;429;436;7
246;4;431;414;17
247;12;434;436;2
248;7;425;408;17
249;9;473;473;0
250;10;450;451;1
251;0;474;471;3
252;5;485;490;5
253;6;448;456;8
254;4;427;414;13
255;6;441;456;15
256;0;470;471;1
257;4;416;414;2
258;12;447;436;11
259;11;459;460;1
260;6;448;456;8
261;6;440;456;16
262;10;441;451;10
263;6;451;456;5
264;9;479;473;6
265;5;485;490;5
266;12;430;436;6
267;11;462;460;2
268;10;449;451;2
269;10;438;451;13
270;8;444;459;15
271;12;436;436;0
272;0;472;471;1
273;8;456;459;3
274;5;482;490;8
275;6;453;456;3
276;9;477;473;4
277;7;411;408;3
278;0;471;471;0
279;9;478;473;5
280;4;434;414;20
281;0;473;471;2
282;9;474;473;1
283;8;447;459;12
284;3;467;466;1
285;3;448;466;18
286;11;449;460;11
287;8;458;459;1
288;8;441;459;18
289;1;486;494;8
290;9;475;473;2
291;4;414;414;0
292;8;452;459;7
293;9;476;473;3
294;3;464;466;2
295;6;455;456;1
296;12;437;436;1
297;12;445;436;9
298;9;471;473;2
299;0;473;471;2
300;9;479;473;6
301;12;440;436;4
302;8;441;459;18
303;0;475;471;4
304;9;467;473;6
305;10;442;451;9
306;9;477;473;4
307;12;445;436;9
308;6;452;456;4
309;3;464;466;2
310;11;445;460;15
311;11;460;460;0
312;4;426;414;12
313;0;480;471;9
314;10;444;451;7
315;9;479;473;6
316;3;466;466;0
317;10;448;451;3
318;0;468;471;3
319;1;481;494;13
320;4;418;414;4
321;0;470;471;1
322;3;465;466;1
323;10;441;451;10
324;6;446;456;10
325;9;471;473;2
326;5;483;490;7
327;11;461;460;1
328;12;432;436;4
329;8;451;459;8
330;3;451;466;15
331;0;471;471;0
332;9;479;473;6
333;0;472;471;1
334;8;444;459;15
335;12;426;436;10
336;3;468;466;2
337;4;436;414;22
338;0;479;471;8
339;8;455;459;4
340;11;461;460;1
341;12;444;436;8
342;8;458;459;1
343;0;470;471;1
344;11;445;460;15
345;8;448;459;11
346;5;482;490;8
347;10;441;451;10
348;5;476;490;14
349;9;467;473;6
350;9;475;473;2
351;4;418;414;4
352;7;432;408;24
353;9;475;473;2
354;11;462;460;2
355;10;448;451;3
356;10;449;451;2
357;12;441;436;5
358;3;465;466;1
359;0;479;471;8
360;0;478;471;7
361;11;453;460;7
362;0;477;471;6
363;4;430;414;16
364;10;441;451;10
365;11;464;460;4
366;0;481;471;10
367;6;452;456;4
368;0;471;471;0
369;5;483;490;7
370;4;411;414;3
371;6;446;456;10
372;11;460;460;0
373;3;474;466;8
374;10;445;451;6
375;4;414;414;0
376;9;473;473;0
377;9;477;473;4
378;5;486;490;4
379;3;467;466;1
380;10;438;451;13
381;6;456;456;0
382;8;452;459;7
383;12;445;436;9
384;3;464;466;2
385;11;449;460;11
386;10;447;451;4
387;9;473;473;0
388;11;471;460;11
389;12;440;436;4
390;3;466;466;0
391;5;485;490;5
392;8;442;459;17
393;4;437;414;23
394;0;480;471;9
395;12;434;436;2
396;4;434;414;20
397;0;461;471;10
398;9;472;473;1
399;9;476;473;3
400;4;435;414;21
401;7;428;408;20
402;10;449;451;2
403;3;468;466;2
404;12;436;436;0
405;9;480;473;7
406;10;450;451;1
407;12;424;436;12
408;4;426;414;12
409;8;452;459;7
410;3;469;466;3
411;8;456;459;3
412;3;446;466;20
413;6;457;456;1
414;5;480;490;10
415;12;441;436;5
416;10;453;451;2
417;7;434;408;26
418;9;450;473;23
419;10;448;451;3
420;5;484;490;6
421;6;439;456;17
422;10;445;451;6
423;7;426;408;18
424;3;465;466;1
425;6;448;456;8
426;9;469;473;4
427;10;439;451;12
428;11;460;460;0
429;11;460;460;0
430;6;442;456;14
431;12;437;436;1
432;11;457;460;3
433;10;442;451;9
434;12;436;436;0
435;8;458;459;1
436;3;461;466;5
437;6;452;456;4
438;0;473;471;2
439;3;461;466;5
440;12;446;436;10
441;10;444;451;7
442;4;426;414;12
443;6;456;456;0
444;6;449;456;7
445;7;435;408;27
446;8;458;459;1
447;6;441;456;15
448;8;452;459;7
449;0;472;471;1
450;11;460;460;0
451;10;449;451;2
452;6;450;456;6
453;9;465;473;8
454;10;446;451;5
455;6;437;456;19
456;4;426;414;12
457;11;468;460;8
458;10;446;451;5
459;6;457;456;1
460;10;445;451;6
461;3;465;466;1
462;9;465;473;8
463;8;442;459;17
464;6;457;456;1
465;7;436;408;28
466;3;458;466;8
467;10;449;451;2
468;11;460;460;0
469;0;468;471;3
470;12;434;436;2
471;10;439;451;12
472;6;457;456;1
473;10;449;451;2
474;10;448;451;3
475;9;465;473;8
476;12;426;436;10
477;4;434;414;20
478;3;450;466;16
479;5;484;490;6
480;6;448;456;8
481;3;461;466;5
482;8;458;459;1
483;10;450;451;1
484;8;445;459;14
485;10;445;451;6
486;3;476;466;10
487;0;472;471;1
488;4;435;414;21
489;4;436;414;22
490;10;446;451;5
491;10;441;451;10
492;6;456;456;0
493;4;424;414;10
494;9;473;473;0
495;9;472;473;1
496;12;437;436;1
497;6;444;456;12
498;8;449;459;10
499;3;465;466;1
500;3;469;466;3
501;10;446;451;5
502;3;452;466;14
503;12;426;436;10
504;6;456;456;0
505;9;480;473;7
506;3;461;466;5
507;12;426;436;10
508;8;457;459;2
509;4;426;414;12
510;8;439;459;20
511;6;453;456;3
512;4;428;414;14
513;5;480;490;10
514;12;446;436;10
515;11;460;460;0
516;9;469;473;4
517;10;450;451;1
518;8;441;459;18
519;12;437;436;1
520;3;468;466;2
521;10;442;451;9
522;6;452;456;4
523;0;461;471;10
524;10;452;451;1
525;11;460;460;0
526;7;435;408;27
527;8;446;459;13
528;10;446;451;5
529;8;453;459;6
530;2;404;403;1
531;14;419;402;17
532;8;452;459;7
533;12;434;436;2
534;4;421;414;7
535;7;410;408;2
536;10;434;451;17
537;7;413;408;5
538;11;450;460;10
539;9;479;473;6
540;0;471;471;0
541;2;406;403;3
542;12;425;436;11
543;7;422;408;14
544;12;440;436;4
545;10;444;451;7
546;7;427;408;19
547;10;440;451;11
548;7;423;408;15
549;12;442;436;6
550;10;443;451;8
551;4;432;414;18
552;2;412;403;9
553;9;477;473;4
554;4;419;414;5
555;10;442;451;9
556;14;411;402;9
557;10;446;451;5
558;4;419;414;5
559;0;473;471;2
560;7;415;408;7
561;7;407;408;1
562;10;450;451;1
563;10;444;451;7
564;7;431;408;23
565;3;446;466;20
566;7;409;408;1
567;6;452;456;4
568;4;438;414;24
569;4;431;414;17
570;6;446;456;10
571;4;416;414;2
572;8;454;459;5
573;12;438;436;2
574;6;446;456;10
575;2;407;403;4
576;2;407;403;4
577;3;456;466;10
578;11;448;460;12
579;0;465;471;6
580;4;413;414;1
581;4;419;414;5
582;12;440;436;4
583;6;441;456;15
584;8;439;459;20
585;2;425;403;22
586;12;444;436;8
587;4;419;414;5
588;3;467;466;1
589;2;415;403;12
590;8;458;459;1
591;14;417;402;15
592;4;413;414;1
593;12;438;436;2
594;12;438;436;2
595;6;450;456;6
596;12;431;436;5
597;4;434;414;20
598;10;448;451;3
599;7;407;408;1
600;6;440;456;16
601;2;410;403;7
602;6;446;456;10
603;9;473;473;0
604;7;417;408;9
605;4;421;414;7
606;4;432;414;18
607;7;425;408;17
608;10;446;451;5
609;0;442;471;29
610;11;450;460;10
611;7;412;408;4
612;10;446;451;5
613;12;438;436;2
614;6;452;456;4
615;11;439;460;21
616;14;413;402;11
617;4;419;414;5
618;2;419;403;16
619;7;419;408;11
620;8;452;459;7
621;7;409;408;1
622;8;444;459;15
623;3;465;466;1
624;12;422;436;14
625;9;479;473;6
626;6;446;456;10
627;14;404;402;2
628;7;419;408;11
629;12;438;436;2
630;12;441;436;5
631;7;411;408;3
632;12;425;436;11
633;8;458;459;1
634;2;406;403;3
635;3;467;466;1
636;2;407;403;4
637;12;427;436;9
638;4;416;414;2
639;10;442;451;9
640;6;444;456;12
641;0;471;471;0
642;9;477;473;4
643;7;423;408;15
644;12;434;436;2
645;7;413;408;5
646;11;454;460;6
647;7;407;408;1
648;4;419;414;5
649;12;443;436;7
650;12;440;436;4
651;10;444;451;7
652;14;415;402;13
653;8;446;459;13
654;2;413;403;10
655;8;453;459;6
656;4;431;414;17
657;2;415;403;12
658;8;456;459;3
659;11;440;460;20
660;25;345;345;0
661;22;371;381;10
662;25;340;345;5
663;25;345;345;0
664;18;349;356;7
665;22;378;381;3
666;20;393;395;2
667;16;365;358;7
668;26;373;376;3
669;23;320;319;1
670;26;366;376;10
671;24;311;316;5
672;19;338;331;7
673;22;381;381;0
674;16;359;358;1
675;17;388;383;5
676;24;310;316;6
677;18;352;356;4
678;28;364;357;7
679;16;368;358;10
680;17;372;383;11
681;18;346;356;10
682;25;341;345;4
683;15;337;331;6
684;28;352;357;5
685;21;328;322;6
686;17;383;383;0
687;28;351;357;6
688;15;333;331;2
689;22;381;381;0
690;28;352;357;5
691;21;329;322;7
692;16;361;358;3
693;26;376;376;0
694;19;334;331;3
695;26;376;376;0
696;20;391;395;4
697;19;335;331;4
698;17;385;383;2
699;23;321;319;2
700;24;327;316;11
701;16;370;358;12
702;19;339;331;8
703;17;379;383;4
704;18;354;356;2
705;22;362;381;19
706;25;350;345;5
707;25;344;345;1
708;18;349;356;7
709;25;348;345;3
710;21;322;322;0
711;16;356;358;2
712;22;369;381;12
713;17;384;383;1
714;25;349;345;4
715;16;363;358;5
716;25;343;345;2
717;17;377;383;6
718;29;309;315;6
719;20;388;395;7
720;15;340;331;9
721;28;356;357;1
722;18;353;356;3
723;25;347;345;2
724;26;374;376;2
725;28;359;357;2
726;18;359;356;3
727;21;334;322;12
728;20;391;395;4
729;26;373;376;3
730;23;322;319;3
731;25;349;345;4
732;16;349;358;9
733;28;365;357;8
734;18;345;356;11
735;21;329;322;7
736;28;347;357;10
737;20;393;395;2
738;21;337;322;15
739;22;377;381;4
740;28;350;357;7
741;25;346;345;1
742;26;366;376;10
743;28;352;357;5
744;22;381;381;0
745;21;327;322;5
746;21;321;322;1
747;25;343;345;2
748;26;374;376;2
749;17;383;383;0
750;25;345;345;0
751;17;384;383;1
752;18;349;356;7
753;17;385;383;2
754;29;309;315;6
755;16;356;358;2
756;20;388;395;7
757;24;311;316;5
758;15;339;331;8
759;15;340;331;9
760;20;388;395;7
761;16;362;358;4
762;16;363;358;5
763;19;333;331;2
764;16;359;358;1
765;18;353;356;3
766;22;381;381;0
767;25;340;345;5
768;25;344;345;1
769;22;364;381;17
770;17;379;383;4
771;25;351;345;6
772;28;352;357;5
773;19;338;331;7
774;21;328;322;6
775;26;372;376;4
776;22;378;381;3
777;23;320;319;1
778;28;354;357;3
779;26;376;376;0
780;18;352;356;4
781;21;341;322;19
782;26;368;376;8
783;26;376;376;0
784;28;356;357;1
785;15;335;331;4
786;26;369;376;7
787;17;371;383;12
788;26;370;376;6
789;16;361;358;3
790;25;348;345;3
791;24;310;316;6
792;15;341;331;10
793;28;359;357;2
794;18;355;356;1
795;23;330;319;11
796;21;327;322;5
797;15;333;331;2
798;18;347;356;9
799;25;348;345;3
800;23;324;319;5
801;15;337;331;6
802;28;349;357;8
803;15;341;331;10
804;18;348;356;8
805;16;353;358;5
806;15;336;331;5
807;15;338;331;7
808;21;329;322;7
809;15;343;331;12
810;25;346;345;1
811;15;348;331;17
812;15;332;331;1
813;24;317;316;1
814;26;368;376;8
815;21;336;322;14
816;18;352;356;4
817;16;363;358;5
818;21;327;322;5
819;21;326;322;4
820;19;334;331;3
821;25;345;345;0
822;18;350;356;6
823;19;338;331;7
824;19;335;331;4
825;25;343;345;2
826;18;346;356;10
827;19;334;331;3
828;25;348;345;3
829;21;322;322;0
830;21;326;322;4
831;28;350;357;7
832;16;350;358;8
833;18;350;356;6
834;28;347;357;10
835;16;354;358;4
836;19;338;331;7
837;15;329;331;2
838;28;351;357;6
839;19;329;331;2
840;23;338;319;19
841;16;352;358;6
842;23;325;319;6
843;18;345;356;11
844;21;322;322;0
845;16;364;358;6
846;24;332;316;16
847;15;338;331;7
848;19;343;331;12
849;19;343;331;12
850;18;353;356;3
851;15;337;331;6
852;24;324;316;8
853;23;325;319;6
854;16;362;358;4
855;15;339;331;8
856;19;331;331;0
857;26;365;376;11
858;26;365;376;11
859;25;346;345;1
860;25;348;345;3
861;29;324;315;9
862;24;325;316;9
863;15;338;331;7
864;15;332;331;1
865;25;348;345;3
866;25;341;345;4
867;15;338;331;7
868;19;339;331;8
869;18;347;356;9
870;19;336;331;5
871;18;343;356;13
872;18;351;356;5
873;24;317;316;1
874;28;349;357;8
875;25;352;345;7
876;23;345;319;26
877;28;350;357;7
878;28;350;357;7
879;15;343;331;12
880;19;331;331;0
881;21;327;322;5
882;21;330;322;8
883;26;364;376;12
884;19;327;331;4
885;23;326;319;7
886;16;353;358;5
887;18;345;356;11
888;19;338;331;7
889;15;341;331;10
890;18;347;356;9
891;18;355;356;1
892;21;337;322;15
893;19;329;331;2
894;18;338;356;18
895;23;334;319;15
896;19;336;331;5
897;17;362;383;21
898;16;353;358;5
899;23;324;319;5
900;23;329;319;10
901;19;346;331;15
902;18;354;356;2
903;23;326;319;7
904;15;343;331;12
905;25;348;345;3
906;16;363;358;5
907;15;332;331;1
908;19;333;331;2
909;15;337;331;6
910;19;338;331;7
911;25;343;345;2
912;25;350;345;5
913;26;368;376;8
914;18;348;356;8
915;19;334;331;3
916;23;325;319;6
917;21;322;322;0
918;21;322;322;0
919;16;359;358;1
920;16;350;358;8
921;23;335;319;16
922;18;352;356;4
923;15;329;331;2
924;29;313;315;2
925;16;360;358;2
926;16;366;358;8
927;17;383;383;0
928;15;340;331;9
929;16;360;358;2
930;26;368;376;8
931;28;366;357;9
932;15;332;331;1
933;17;384;383;1
934;22;371;381;10
935;29;303;315;12
936;23;320;319;1
937;26;368;376;8
938;17;382;383;1
939;19;340;331;9
940;28;342;357;15
941;26;372;376;4
942;26;372;376;4
943;17;374;383;9
944;22;377;381;4
945;29;315;315;0
946;21;327;322;5
947;16;359;358;1
948;26;371;376;5
949;15;333;331;2
950;25;351;345;6
951;16;343;358;15
952;26;378;376;2
953;18;347;356;9
954;22;367;381;14
955;15;335;331;4
956;22;385;381;4
957;21;340;322;18
958;15;339;331;8
959;28;357;357;0
960;26;365;376;11
961;15;341;331;10
962;18;354;356;2
963;25;345;345;0
964;26;372;376;4
965;25;346;345;1
966;22;377;381;4
967;26;365;376;11
968;15;330;331;1
969;16;358;358;0
970;19;341;331;10
971;18;352;356;4
972;22;380;381;1
973;19;338;331;7
974;25;347;345;2
975;28;352;357;5
976;25;352;345;7
977;18;354;356;2
978;28;364;357;7
979;18;346;356;10
980;15;329;331;2
981;22;366;381;15
982;15;340;331;9
983;17;379;383;4
984;29;322;315;7
985;16;357;358;1
986;19;328;331;3
987;17;377;383;6
988;27;380;391;11
989;16;360;358;2
990;16;360;358;2
991;23;339;319;20
992;28;365;357;8
993;15;332;331;1
994;25;347;345;2
995;22;380;381;1
996;18;364;356;8
997;22;366;381;15
998;29;313;315;2
999;23;335;319;16
1000;22;377;381;4
1001;26;368;376;8
1002;16;359;358;1
1003;17;366;383;17
1004;25;341;345;4
1005;29;315;315;0
1006;22;371;381;10
1007;26;371;376;5
1008;18;347;356;9
1009;26;372;376;4
1010;25;345;345;0
1011;21;329;322;7
1012;17;380;383;3
1013;18;351;356;5
1014;22;383;381;2
1015;28;354;357;3
1016;25;340;345;5
1017;18;354;356;2
1018;15;340;331;9
1019;28;352;357;5
1020;21;340;322;18
1021;29;303;315;12
1022;26;377;376;1
1023;16;366;358;8
1024;17;379;383;4
1025;28;358;357;1
1026;28;346;357;11
1027;26;378;376;2
1028;22;382;381;1
1029;21;328;322;6
1030;26;368;376;8
1031;21;322;322;0
1032;28;352;357;5
1033;26;372;376;4
1034;16;365;358;7
1035;21;343;322;21
1036;26;372;376;4
1037;23;320;319;1
1038;19;333;331;2
1039;17;377;383;6
1040;16;360;358;2
1041;17;384;383;1
1042;21;330;322;8
1043;15;340;331;9
1044;22;367;381;14
1045;23;327;319;8
1046;22;374;381;7
1047;18;357;356;1
1048;16;357;358;1
1049;25;341;345;4
1050;25;352;345;7
1051;28;360;357;3
1052;25;346;345;1
1053;17;385;383;2
1054;19;338;331;7
1055;25;342;345;3
1056;21;334;322;12
1057;19;335;331;4
1058;28;360;357;3
1059;16;365;358;7
1060;28;360;357;3
1061;21;324;322;2
1062;15;343;331;12
1063;17;372;383;11
1064;19;330;331;1
1065;18;353;356;3
1066;19;335;331;4
1067;25;345;345;0
1068;24;316;316;0
1069;25;341;345;4
1070;19;342;331;11
1071;18;349;356;7
1072;26;371;376;5
1073;16;358;358;0
1074;19;341;331;10
1075;21;328;322;6
1076;26;374;376;2
1077;16;358;358;0
1078;19;334;331;3
1079;25;342;345;3
1080;19;340;331;9
1081;23;320;319;1
1082;18;349;356;7
1083;18;352;356;4
1084;17;385;383;2
1085;19;331;331;0
1086;26;361;376;15
1087;25;344;345;1
1088;15;334;331;3
1089;28;347;357;10
1090;16;359;358;1
1091;15;331;331;0
1092;18;350;356;6
1093;17;383;383;0
1094;19;342;331;11
1095;15;327;331;4
1096;18;346;356;10
1097;15;329;331;2
1098;21;326;322;4
1099;18;349;356;7
1100;16;359;358;1
1101;18;354;356;2
1102;23;328;319;9
1103;16;360;358;2
1104;28;354;357;3
1105;15;336;331;5
1106;18;351;356;5
1107;24;316;316;0
1108;26;372;376;4
1109;28;348;357;9
1110;21;322;322;0
1111;23;334;319;15
1112;16;358;358;0
1113;26;373;376;3
1114;28;347;357;10
1115;25;343;345;2
1116;25;340;345;5
1117;21;340;322;18
1118;15;335;331;4
1119;28;362;357;5
1120;22;366;381;15
1121;15;333;331;2
1122;19;333;331;2
1123;28;359;357;2
1124;18;350;356;6
1125;19;330;331;1
1126;18;351;356;5
1127;18;354;356;2
1128;23;322;319;3
1129;26;372;376;4
1130;19;334;331;3
1131;25;344;345;1
1132;16;362;358;4
1133;25;343;345;2
1134;25;342;345;3
1135;26;373;376;3
1136;15;328;331;3
1137;16;358;358;0
1138;19;335;331;4
1139;15;340;331;9
1140;19;331;331;0
1141;16;346;358;12
1142;19;327;331;4
1143;28;358;357;1
1144;22;366;381;15
1145;28;349;357;8
1146;16;365;358;7
1147;18;348;356;8
1148;28;360;357;3
1149;19;342;331;11
1150;25;347;345;2
1151;24;316;316;0
1152;28;349;357;8
1153;25;345;345;0
1154;21;326;322;4
1155;28;360;357;3
1156;25;343;345;2
1157;18;354;356;2
1158;21;334;322;12
1159;17;385;383;2
1160;25;342;345;3
1161;15;335;331;4
1162;19;341;331;10
1163;19;340;331;9
1164;16;360;358;2
1165;15;341;331;10
1166;25;349;345;4
1167;18;352;356;4
1168;16;358;358;0
1169;24;316;316;0
1170;23;320;319;1
1171;22;374;381;7
1172;21;324;322;2
1173;18;353;356;3
1174;16;359;358;1
1175;18;347;356;9
1176;16;361;358;3
1177;19;334;331;3
1178;15;328;331;3
1179;15;331;331;0
1180;21;340;322;18
1181;17;383;383;0
1182;22;372;381;9
1183;19;335;331;4
1184;15;329;331;2
1185;15;334;331;3
1186;21;336;322;14
1187;26;371;376;5
1188;23;336;319;17
1189;18;357;356;1
1190;19;332;331;1
1191;19;335;331;4
1192;26;364;376;12
1193;28;354;357;3
1194;22;377;381;4
1195;21;325;322;3
1196;21;325;322;3
1197;25;341;345;4
1198;16;348;358;10
1199;16;361;358;3
1200;15;335;331;4
1201;28;351;357;6
1202;25;344;345;1
1203;25;348;345;3
1204;16;361;358;3
1205;25;339;345;6
1206;18;353;356;3
1207;22;365;381;16
1208;25;342;345;3
1209;28;352;357;5
1210;15;332;331;1
1211;19;335;331;4
1212;24;327;316;11
1213;25;345;345;0
1214;19;339;331;8
1215;22;381;381;0
1216;25;339;345;6
1217;28;346;357;11
1218;16;357;358;1
1219;17;361;383;22
1220;28;361;357;4
1221;24;322;316;6
1222;23;339;319;20
1223;25;337;345;8
1224;16;360;358;2
1225;28;355;357;2
1226;28;356;357;1
1227;21;341;322;19
1228;19;345;331;14
1229;21;321;322;1
1230;25;341;345;4
1231;15;334;331;3
1232;26;373;376;3
1233;21;328;322;6
1234;26;365;376;11
1235;15;336;331;5
1236;26;365;376;11
1237;21;348;322;26
1238;28;357;357;0
1239;19;334;331;3
1240;15;330;331;1
1241;25;343;345;2
1242;29;330;315;15
1243;19;336;331;5
1244;18;347;356;9
1245;16;351;358;7
1246;25;346;345;1
1247;26;368;376;8
1248;18;350;356;6
1249;19;332;331;1
1250;28;357;357;0
1251;18;348;356;8
1252;16;359;358;1
1253;19;331;331;0
1254;15;331;331;0
1255;24;339;316;23
1256;16;360;358;2
1257;21;325;322;3
1258;28;357;357;0
1259;16;365;358;7
1260;19;330;331;1
1261;21;325;322;3
1262;15;336;331;5
1263;26;361;376;15
1264;18;348;356;8
1265;22;377;381;4
1266;15;335;331;4
1267;28;351;357;6
1268;16;365;358;7
1269;18;352;356;4
1270;15;348;331;17
1271;19;327;331;4
1272;25;346;345;1
1273;15;345;331;14
1274;18;341;356;15
1275;18;347;356;9
1276;16;359;358;1
1277;25;339;345;6
1278;19;335;331;4
1279;15;343;331;12
1280;16;364;358;6
1281;28;356;357;1
1282;21;346;322;24
1283;15;334;331;3
1284;18;348;356;8
1285;16;361;358;3
1286;25;341;345;4
1287;19;332;331;1
1288;26;368;376;8
1289;15;328;331;3
1290;15;336;331;5
1291;25;339;345;6
1292;18;344;356;12
1293;28;357;357;0
1294;25;351;345;6
1295;18;350;356;6
1296;21;336;322;14
1297;18;353;356;3
1298;19;334;331;3
1299;22;381;381;0
1300;19;339;331;8
1301;15;335;331;4
1302;25;345;345;0
1303;28;342;357;15
1304;25;354;345;9
1305;25;341;345;4
1306;26;373;376;3
1307;21;322;322;0
1308;28;357;357;0
1309;15;332;331;1
1310;16;365;358;7
1311;25;337;345;8
1312;24;332;316;16
1313;28;355;357;2
1314;15;330;331;1
1315;18;357;356;1
1316;21;321;322;1
1317;26;361;376;15
1318;28;348;357;9
1319;16;361;358;3
1320;44;270;267;3
1321;32;281;284;3
1322;33;254;253;1
1323;42;298;296;2
1324;37;255;253;2
1325;43;276;275;1
1326;44;273;267;6
1327;34;263;266;3
1328;43;280;275;5
1329;38;289;292;3
1330;37;257;253;4
1331;43;272;275;3
1332;44;260;267;7
1333;33;256;253;3
1334;34;257;266;9
1335;43;276;275;1
1336;40;286;289;3
1337;42;298;296;2
1338;32;281;284;3
1339;38;291;292;1
1340;35;256;246;10
1341;38;292;292;0
1342;39;239;244;5
1343;43;274;275;1
1344;44;264;267;3
1345;43;274;275;1
1346;37;253;253;0
1347;40;288;289;1
1348;38;288;292;4
1349;31;266;267;1
1350;44;271;267;4
1351;42;296;296;0
1352;38;291;292;1
1353;33;259;253;6
1354;44;273;267;6
1355;35;243;246;3
1356;36;239;235;4
1357;38;295;292;3
1358;32;286;284;2
1359;31;274;267;7
1360;40;289;289;0
1361;35;249;246;3
1362;42;299;296;3
1363;41;222;222;0
1364;43;278;275;3
1365;38;283;292;9
1366;31;266;267;1
1367;32;284;284;0
1368;32;281;284;3
1369;36;233;235;2
1370;42;296;296;0
1371;38;284;292;8
1372;40;293;289;4
1373;35;246;246;0
1374;32;284;284;0
1375;38;294;292;2
1376;34;261;266;5
1377;32;280;284;4
1378;44;264;267;3
1379;35;249;246;3
1380;32;282;284;2
1381;40;294;289;5
1382;37;256;253;3
1383;35;247;246;1
1384;38;290;292;2
1385;34;264;266;2
1386;44;264;267;3
1387;43;273;275;2
1388;36;239;235;4
1389;32;280;284;4
1390;42;296;296;0
1391;32;281;284;3
1392;38;284;292;8
1393;34;263;266;3
1394;44;270;267;3
1395;42;296;296;0
1396;39;247;244;3
1397;43;273;275;2
1398;43;274;275;1
1399;32;280;284;4
1400;34;266;266;0
1401;38;292;292;0
1402;34;257;266;9
1403;31;264;267;3
1404;31;266;267;1
1405;40;289;289;0
1406;43;274;275;1
1407;34;261;266;5
1408;40;290;289;1
1409;37;253;253;0
1410;42;298;296;2
1411;35;246;246;0
1412;37;255;253;2
1413;40;286;289;3
1414;34;264;266;2
1415;32;284;284;0
1416;43;276;275;1
1417;31;272;267;5
1418;40;299;289;10
1419;33;254;253;1
1420;31;249;267;18
1421;38;283;292;9
1422;38;294;292;2
1423;40;288;289;1
1424;34;257;266;9
1425;34;256;266;10
1426;37;256;253;3
1427;32;282;284;2
1428;32;284;284;0
1429;40;281;289;8
1430;41;222;222;0
1431;40;288;289;1
1432;42;298;296;2
1433;34;260;266;6
1434;43;274;275;1
1435;34;256;266;10
1436;43;276;275;1
1437;40;289;289;0
1438;43;278;275;3
1439;33;259;253;6
1440;44;271;267;4
1441;39;239;244;5
1442;38;291;292;1
1443;35;243;246;3
1444;38;294;292;2
1445;42;295;296;1
1446;40;293;289;4
1447;32;281;284;3
1448;35;249;246;3
1449;38;291;292;1
1450;36;233;235;2
1451;32;286;284;2
1452;43;280;275;5
1453;30;221;217;4
1454;32;281;284;3
1455;36;237;235;2
1456;43;273;275;2
1457;30;211;217;6
1458;30;226;217;9
1459;43;274;275;1
1460;37;253;253;0
1461;39;244;244;0
1462;36;241;235;6
1463;34;265;266;1
1464;36;236;235;1
1465;37;251;253;2
1466;35;248;246;2
1467;44;269;267;2
1468;31;270;267;3
1469;41;230;222;8
1470;36;228;235;7
1471;41;207;222;15
1472;44;269;267;2
1473;32;282;284;2
1474;43;276;275;1
1475;39;241;244;3
1476;33;253;253;0
1477;35;232;246;14
1478;40;289;289;0
1479;36;240;235;5
1480;34;266;266;0
1481;30;224;217;7
1482;37;256;253;3
1483;36;234;235;1
1484;41;214;222;8
1485;42;294;296;2
1486;34;261;266;5
1487;39;244;244;0
1488;31;260;267;7
1489;34;263;266;3
1490;37;255;253;2
1491;39;239;244;5
1492;36;237;235;2
1493;33;249;253;4
1494;30;209;217;8
1495;32;285;284;1
1496;37;253;253;0
1497;36;234;235;1
1498;39;238;244;6
1499;40;285;289;4
1500;39;243;244;1
1501;31;271;267;4
1502;39;241;244;3
1503;41;205;222;17
1504;32;278;284;6
1505;34;265;266;1
1506;41;212;222;10
1507;35;250;246;4
1508;43;278;275;3
1509;33;249;253;4
1510;31;268;267;1
1511;39;246;244;2
1512;39;238;244;6
1513;34;257;266;9
1514;33;251;253;2
1515;43;276;275;1
1516;36;236;235;1
1517;35;246;246;0
1518;33;246;253;7
1519;34;261;266;5
1520;34;260;266;6
1521;33;253;253;0
1522;35;241;246;5
1523;39;243;244;1
1524;30;212;217;5
1525;31;274;267;7
1526;32;280;284;4
1527;36;234;235;1
1528;43;276;275;1
1529;36;226;235;9
1530;35;241;246;5
1531;33;249;253;4
1532;36;238;235;3
1533;32;282;284;2
1534;35;241;246;5
1535;37;253;253;0
1536;30;224;217;7
1537;36;237;235;2
1538;36;239;235;4
1539;32;278;284;6
1540;36;236;235;1
1541;40;289;289;0
1542;41;237;222;15
1543;34;265;266;1
1544;43;273;275;2
1545;33;255;253;2
1546;31;268;267;1
1547;41;205;222;17
1548;44;269;267;2
1549;34;265;266;1
1550;30;209;217;8
1551;43;281;275;6
1552;35;246;246;0
1553;36;234;235;1
1554;33;250;253;3
1555;31;266;267;1
1556;35;248;246;2
1557;39;251;244;7
1558;33;251;253;2
1559;36;238;235;3
1560;38;285;292;7
1561;36;228;235;7
1562;32;285;284;1
1563;39;240;244;4
1564;41;230;222;8
1565;36;236;235;1
1566;35;232;246;14
1567;31;269;267;2
1568;30;211;217;6
1569;39;244;244;0
1570;37;253;253;0
1571;38;294;292;2
1572;37;256;253;3
1573;43;276;275;1
1574;30;207;217;10
1575;39;244;244;0
1576;37;257;253;4
1577;34;263;266;3
1578;43;278;275;3
1579;30;221;217;4
1580;33;249;253;4
1581;30;214;217;3
1582;31;271;267;4
1583;31;270;267;3
1584;39;218;244;26
1585;33;242;253;11
1586;37;250;253;3
1587;35;248;246;2
1588;41;224;222;2
1589;41;228;222;6
1590;36;231;235;4
1591;41;226;222;4
1592;30;228;217;11
1593;43;272;275;3
1594;35;246;246;0
1595;39;207;244;37
1596;30;217;217;0
1597;41;231;222;9
1598;37;259;253;6
1599;35;231;246;15
1600;39;237;244;7
1601;36;235;235;0
1602;37;255;253;2
1603;35;240;246;6
1604;39;230;244;14
1605;30;218;217;1
1606;41;221;222;1
1607;35;247;246;1
1608;31;255;267;12
1609;36;230;235;5
1610;36;235;235;0
1611;41;218;222;4
1612;39;243;244;1
1613;36;230;235;5
1614;33;250;253;3
1615;39;229;244;15
1616;33;253;253;0
1617;39;231;244;13
1618;30;213;217;4
1619;36;234;235;1
1620;39;237;244;7
1621;30;213;217;4
1622;36;229;235;6
1623;35;242;246;4
1624;33;259;253;6
1625;39;230;244;14
1626;31;264;267;3
1627;35;237;246;9
1628;41;220;222;2
1629;41;223;222;1
1630;30;218;217;1
1631;35;248;246;2
1632;35;248;246;2
1633;41;224;222;2
1634;35;242;246;4
1635;35;239;246;7
1636;30;224;217;7
1637;36;233;235;2
1638;37;252;253;1
1639;39;240;244;4
1640;36;220;235;15
1641;41;226;222;4
1642;39;237;244;7
1643;36;235;235;0
1644;36;217;235;18
1645;37;253;253;0
1646;41;220;222;2
1647;37;254;253;1
1648;30;224;217;7
1649;39;243;244;1
1650;39;243;244;1
1651;36;213;235;22
1652;39;237;244;7
1653;36;228;235;7
1654;39;242;244;2
1655;35;248;246;2
1656;37;252;253;1
1657;41;226;222;4
1658;36;218;235;17
1659;41;229;222;7
1660;33;254;253;1
1661;39;231;244;13
1662;37;247;253;6
1663;36;226;235;9
1664;30;218;217;1
1665;30;218;217;1
1666;37;246;253;7
1667;35;255;246;9
1668;41;230;222;8
1669;33;259;253;6
1670;39;242;244;2
1671;39;220;244;24
1672;41;224;222;2
1673;35;235;246;11
1674;33;248;253;5
1675;30;233;217;16
1676;41;224;222;2
1677;30;229;217;12
1678;39;237;244;7
1679;35;239;246;7
1680;39;231;244;13
1681;35;207;246;39
1682;31;264;267;3
1683;37;250;253;3
1684;36;235;235;0
1685;30;223;217;6
1686;36;240;235;5
1687;39;243;244;1
1688;44;259;267;8
1689;41;220;222;2
1690;36;231;235;4
1691;30;217;217;0
1692;35;248;246;2
1693;33;255;253;2
1694;35;237;246;9
1695;30;218;217;1
1696;36;235;235;0
1697;30;217;217;0
1698;36;230;235;5
1699;39;230;244;14
1700;41;228;222;6
1701;31;272;267;5
1702;36;220;235;15
1703;35;231;246;15
1704;33;250;253;3
1705;36;221;235;14
1706;39;240;244;4
1707;36;234;235;1
1708;33;253;253;0
1709;36;213;235;22
1710;39;224;244;20
1711;35;242;246;4
1712;41;230;222;8
1713;33;253;253;0
1714;41;224;222;2
1715;36;237;235;2
1716;31;267;267;0
1717;34;270;266;4
1718;39;245;244;1
1719;31;276;267;9
1720;34;266;266;0
1721;31;267;267;0
1722;31;271;267;4
1723;39;237;244;7
1724;33;258;253;5
1725;32;284;284;0
1726;40;285;289;4
1727;37;257;253;4
1728;31;267;267;0
1729;35;247;246;1
1730;38;294;292;2
1731;34;261;266;5
1732;33;256;253;3
1733;44;267;267;0
1734;40;280;289;9
1735;43;276;275;1
1736;43;276;275;1
1737;33;248;253;5
1738;35;246;246;0
1739;34;266;266;0
1740;34;256;266;10
1741;32;276;284;8
1742;43;276;275;1
1743;37;258;253;5
1744;31;266;267;1
1745;34;261;266;5
1746;31;269;267;2
1747;34;257;266;9
1748;40;286;289;3
1749;36;237;235;2
1750;31;267;267;0
1751;43;276;275;1
1752;32;279;284;5
1753;37;248;253;5
1754;31;267;267;0
1755;32;285;284;1
1756;43;275;275;0
1757;36;237;235;2
1758;40;285;289;4
1759;33;255;253;2
1760;33;252;253;1
1761;33;258;253;5
1762;43;276;275;1
1763;34;266;266;0
1764;43;275;275;0
1765;38;285;292;7
1766;44;267;267;0
1767;31;267;267;0
1768;33;258;253;5
1769;39;241;244;3
1770;43;276;275;1
1771;44;267;267;0
1772;30;228;217;11
1773;34;261;266;5
1774;43;275;275;0
1775;40;285;289;4
1776;35;248;246;2
1777;43;276;275;1
1778;43;270;275;5
1779;40;284;289;5
1780;44;267;267;0
1781;33;246;253;7
1782;35;246;246;0
1783;31;267;267;0
1784;32;279;284;5
1785;37;258;253;5
1786;44;267;267;0
1787;43;275;275;0
1788;43;276;275;1
1789;36;237;235;2
1790;31;267;267;0
1791;34;257;266;9
1792;32;284;284;0
1793;44;271;267;4
1794;34;266;266;0
1795;44;261;267;6
1796;43;276;275;1
1797;39;248;244;4
1798;40;285;289;4
1799;34;256;266;10
1800;34;261;266;5
1801;43;275;275;0
1802;32;285;284;1
1803;30;228;217;11
1804;44;267;267;0
1805;43;276;275;1
1806;43;276;275;1
1807;39;241;244;3
1808;34;266;266;0
1809;44;267;267;0
1810;32;275;284;9
1811;31;267;267;0
1812;33;261;253;8
1813;37;257;253;4
1814;32;285;284;1
1815;39;245;244;1
1816;40;285;289;4
1817;33;258;253;5
1818;44;267;267;0
1819;34;266;266;0
1820;38;294;292;2
1821;43;270;275;5
1822;35;247;246;1
1823;35;248;246;2
1824;34;266;266;0
1825;43;280;275;5
1826;33;255;253;2
1827;33;258;253;5
1828;31;267;267;0
1829;33;267;253;14
1830;38;276;292;16
1831;32;276;284;8
1832;31;267;267;0
1833;32;284;284;0
1834;33;252;253;1
1835;36;237;235;2
1836;31;269;267;2
1837;35;246;246;0
1838;32;276;284;8
1839;43;276;275;1
1840;31;276;267;9
1841;35;248;246;2
1842;33;258;253;5
1843;31;270;267;3
1844;36;237;235;2
1845;40;286;289;3
1846;32;285;284;1
1847;37;256;253;3
1848;35;247;246;1
1849;36;238;235;3
1850;34;262;266;4
1851;39;239;244;5
1852;33;249;253;4
1853;40;290;289;1
1854;37;250;253;3
1855;32;284;284;0
1856;31;272;267;5
1857;30;217;217;0
1858;31;270;267;3
1859;36;232;235;3
1860;34;269;266;3
1861;38;292;292;0
1862;39;243;244;1
1863;36;231;235;4
1864;41;224;222;2
1865;31;267;267;0
1866;30;210;217;7
1867;31;275;267;8
1868;31;274;267;7
1869;36;235;235;0
1870;31;271;267;4
1871;33;260;253;7
1872;39;253;244;9
1873;37;253;253;0
1874;34;264;266;2
1875;33;254;253;1
1876;35;249;246;3
1877;33;253;253;0
1878;41;220;222;2
1879;35;242;246;4
1880;35;247;246;1
1881;43;274;275;1
1882;37;257;253;4
1883;32;286;284;2
1884;35;245;246;1
1885;33;246;253;7
1886;44;268;267;1
1887;41;226;222;4
1888;37;245;253;8
1889;42;296;296;0
1890;36;235;235;0
1891;38;288;292;4
1892;30;217;217;0
1893;32;282;284;2
1894;34;265;266;1
1895;36;238;235;3
1896;33;257;253;4
1897;34;261;266;5
1898;30;214;217;3
1899;43;278;275;3
1900;34;260;266;6
1901;37;255;253;2
1902;33;251;253;2
1903;34;256;266;10
1904;37;259;253;6
1905;35;242;246;4
1906;36;235;235;0
1907;32;282;284;2
1908;33;257;253;4
1909;41;229;222;7
1910;36;228;235;7
1911;33;252;253;1
1912;32;279;284;5
1913;43;280;275;5
1914;40;280;289;9
1915;37;257;253;4
1916;35;245;246;1
1917;43;272;275;3
1918;30;214;217;3
1919;33;257;253;4
1920;33;251;253;2
1921;32;284;284;0
1922;35;247;246;1
1923;35;242;246;4
1924;37;252;253;1
1925;37;250;253;3
1926;31;260;267;7
1927;39;242;244;2
1928;31;265;267;2
1929;36;235;235;0
1930;31;270;267;3
1931;33;253;253;0
1932;37;253;253;0
1933;35;245;246;1
1934;41;226;222;4
1935;33;259;253;6
1936;43;279;275;4
1937;34;264;266;2
1938;36;239;235;4
1939;37;255;253;2
1940;35;249;246;3
1941;43;268;275;7
1942;36;235;235;0
1943;43;278;275;3
1944;41;231;222;9
1945;36;232;235;3
1946;36;235;235;0
1947;34;262;266;4
1948;32;282;284;2
1949;32;282;284;2
1950;37;256;253;3
1951;35;249;246;3
1952;39;243;244;1
1953;30;228;217;11
1954;38;292;292;0
1955;37;257;253;4
1956;39;238;244;6
1957;30;210;217;7
1958;40;288;289;1
1959;37;254;253;1
1960;44;267;267;0
1961;31;269;267;2
1962;37;253;253;0
1963;44;274;267;7
1964;40;290;289;1
1965;41;217;222;5
1966;30;217;217;0
1967;43;274;275;1
1968;41;220;222;2
1969;34;271;266;5
1970;43;275;275;0
1971;32;286;284;2
1972;41;229;222;7
1973;39;246;244;2
1974;34;260;266;6
1975;36;238;235;3
1976;42;296;296;0
1977;35;247;246;1
1978;34;261;266;5
1979;41;224;222;2
1980;55;189;189;0
1981;50;174;188;14
1982;48;143;125;18
1983;55;171;189;18
1984;56;123;123;0
1985;50;171;188;17
1986;50;176;188;12
1987;45;154;184;30
1988;54;175;174;1
1989;45;160;184;24
1990;59;151;188;37
1991;51;155;154;1
1992;59;172;188;16
1993;57;157;188;31
1994;58;144;152;8
1995;59;181;188;7
1996;56;139;123;16
1997;54;178;174;4
1998;54;167;174;7
1999;57;182;188;6
2000;58;149;152;3
2001;45;158;184;26
2002;50;158;188;30
2003;51;156;154;2
2004;58;148;152;4
2005;50;183;188;5
2006;54;157;174;17
2007;51;154;154;0
2008;54;166;174;8
2009;45;163;184;21
2010;59;162;188;26
2011;58;152;152;0
2012;45;175;184;9
2013;54;162;174;12
2014;45;181;184;3
2015;48;140;125;15
2016;59;145;188;43
2017;45;150;184;34
2018;50;188;188;0
2019;45;176;184;8
2020;54;167;174;7
2021;58;144;152;8
2022;57;173;188;15
2023;47;126;118;8
2024;58;146;152;6
2025;54;167;174;7
2026;59;185;188;3
2027;45;174;184;10
2028;59;169;188;19
2029;58;154;152;2
2030;51;145;154;9
2031;45;169;184;15
2032;50;185;188;3
2033;51;150;154;4
2034;57;162;188;26
2035;50;186;188;2
2036;47;127;118;9
2037;45;173;184;11
2038;59;170;188;18
2039;51;153;154;1
2040;58;141;152;11
2041;57;179;188;9
2042;45;177;184;7
2043;48;138;125;13
2044;50;180;188;8
2045;51;155;154;1
2046;51;155;154;1
2047;55;181;189;8
2048;51;145;154;9
2049;45;175;184;9
2050;54;145;174;29
2051;45;169;184;15
2052;50;162;188;26
2053;45;154;184;30
2054;55;189;189;0
2055;57;152;188;36
2056;48;138;125;13
2057;45;176;184;8
2058;59;156;188;32
2059;50;173;188;15
2060;59;185;188;3
2061;45;158;184;26
2062;54;151;174;23
2063;58;148;152;4
2064;50;163;188;25
2065;45;167;184;17
2066;50;176;188;12
2067;47;127;118;9
2068;55;180;189;9
2069;51;157;154;3
2070;50;171;188;17
2071;54;150;174;24
2072;56;123;123;0
2073;59;188;188;0
2074;54;170;174;4
2075;54;169;174;5
2076;45;181;184;3
2077;58;155;152;3
2078;45;173;184;11
2079;48;143;125;18
2080;51;153;154;1
2081;54;167;174;7
2082;59;186;188;2
2083;54;166;174;8
2084;58;144;152;8
2085;59;177;188;11
2086;51;157;154;3
2087;58;141;152;11
2088;59;174;188;14
2089;54;167;174;7
2090;48;126;125;1
2091;51;154;154;0
2092;55;178;189;11
2093;45;172;184;12
2094;45;183;184;1
2095;58;149;152;3
2096;45;171;184;13
2097;45;160;184;24
2098;47;146;118;28
2099;51;162;154;8
2100;54;162;174;12
2101;50;158;188;30
2102;45;182;184;2
2103;50;140;188;48
2104;59;179;188;9
2105;51;150;154;4
2106;50;185;188;3
2107;54;174;174;0
2108;58;144;152;8
2109;57;175;188;13
2110;51;154;154;0
2111;56;139;123;16
2112;57;172;188;16
2113;54;160;174;14
2114;51;148;154;6
2115;54;151;174;23
2116;50;134;188;54
2117;48;144;125;19
2118;54;163;174;11
2119;47;138;118;20
2120;58;146;152;6
2121;57;161;188;27
2122;48;139;125;14
2123;54;161;174;13
2124;51;157;154;3
2125;58;143;152;9
2126;51;142;154;12
2127;45;165;184;19
2128;58;152;152;0
2129;58;148;152;4
2130;45;163;184;21
2131;58;153;152;1
2132;48;137;125;12
2133;47;150;118;32
2134;51;156;154;2
2135;58;148;152;4
2136;48;143;125;18
2137;45;166;184;18
2138;48;145;125;20
2139;58;148;152;4
2140;57;156;188;32
2141;58;150;152;2
2142;54;168;174;6
2143;47;144;118;26
2144;51;156;154;2
2145;47;145;118;27
2146;57;164;188;24
2147;47;130;118;12
2148;58;149;152;3
2149;48;142;125;17
2150;54;159;174;15
2151;57;169;188;19
2152;51;158;154;4
2153;48;130;125;5
2154;45;153;184;31
2155;56;129;123;6
2156;51;154;154;0
2157;47;138;118;20
2158;50;170;188;18
2159;51;163;154;9
2160;55;161;189;28
2161;45;156;184;28
2162;58;147;152;5
2163;56;140;123;17
2164;51;153;154;1
2165;58;150;152;2
2166;56;143;123;20
2167;51;155;154;1
2168;56;134;123;11
2169;51;158;154;4
2170;57;174;188;14
2171;56;143;123;20
2172;47;135;118;17
2173;54;158;174;16
2174;54;176;174;2
2175;58;147;152;5
2176;51;151;154;3
2177;48;140;125;15
2178;47;140;118;22
2179;45;164;184;20
2180;58;149;152;3
2181;51;146;154;8
2182;58;147;152;5
2183;54;161;174;13
2184;56;143;123;20
2185;47;138;118;20
2186;54;172;174;2
2187;56;144;123;21
2188;58;147;152;5
2189;51;163;154;9
2190;51;148;154;6
2191;54;158;174;16
2192;54;170;174;4
2193;48;150;125;25
2194;47;139;118;21
2195;48;143;125;18
2196;58;150;152;2
2197;55;158;189;31
2198;54;169;174;5
2199;56;134;123;11
2200;51;151;154;3
2201;56;145;123;22
2202;58;151;152;1
2203;56;150;123;27
2204;48;134;125;9
2205;51;159;154;5
2206;57;174;188;14
2207;51;140;154;14
2208;57;165;188;23
2209;59;161;188;27
2210;51;153;154;1
2211;54;148;174;26
2212;56;143;123;20
2213;48;138;125;13
2214;58;155;152;3
2215;51;156;154;2
2216;51;142;154;12
2217;45;176;184;8
2218;58;143;152;9
2219;56;135;123;12
2220;45;163;184;21
2221;51;163;154;9
2222;56;129;123;6
2223;54;148;174;26
2224;58;148;152;4
2225;51;157;154;3
2226;51;166;154;12
2227;48;137;125;12
2228;48;144;125;19
2229;59;161;188;27
2230;51;154;154;0
2231;58;145;152;7
2232;45;168;184;16
2233;51;156;154;2
2234;58;153;152;1
2235;47;130;118;12
2236;54;158;174;16
2237;48;142;125;17
2238;58;153;152;1
2239;45;160;184;24
2240;48;130;125;5
2241;59;156;188;32
2242;58;156;152;4
2243;58;152;152;0
2244;45;174;184;10
2245;51;155;154;1
2246;45;171;184;13
2247;48;132;125;7
2248;45;182;184;2
2249;58;147;152;5
2250;57;170;188;18
2251;58;147;152;5
2252;48;141;125;16
2253;50;156;188;32
2254;58;152;152;0
2255;49;194;196;2
2256;54;166;174;8
2257;50;176;188;12
2258;54;167;174;7
2259;51;164;154;10
2260;50;170;188;18
2261;47;117;118;1
2262;59;170;188;18
2263;56;145;123;22
2264;56;138;123;15
2265;54;169;174;5
2266;49;195;196;1
2267;48;142;125;17
2268;57;176;188;12
2269;59;165;188;23
2270;51;161;154;7
2271;45;175;184;9
2272;47;127;118;9
2273;51;157;154;3
2274;50;165;188;23
2275;57;160;188;28
2276;58;160;152;8
2277;59;170;188;18
2278;58;151;152;1
2279;51;154;154;0
2280;50;177;188;11
2281;51;146;154;8
2282;51;154;154;0
2283;59;180;188;8
2284;48;141;125;16
2285;51;163;154;9
2286;58;146;152;6
2287;50;183;188;5
2288;45;185;184;1
2289;46;118;103;15
2290;45;179;184;5
2291;58;150;152;2
2292;51;155;154;1
2293;57;186;188;2
2294;54;175;174;1
2295;46;132;103;29
2296;48;126;125;1
2297;59;186;188;2
2298;58;147;152;5
2299;48;140;125;15
2300;53;191;190;1
2301;48;141;125;16
2302;50;175;188;13
2303;54;167;174;7
2304;50;162;188;26
2305;51;155;154;1
2306;55;189;189;0
2307;57;162;188;26
2308;56;131;123;8
2309;54;161;174;13
2310;54;161;174;13
2311;58;151;152;1
2312;54;177;174;3
2313;48;141;125;16
2314;50;175;188;13
2315;51;155;154;1
2316;58;147;152;5
2317;59;147;188;41
2318;45;174;184;10
2319;59;160;188;28
2320;45;162;184;22
2321;54;170;174;4
2322;48;142;125;17
2323;47;141;118;23
2324;45;179;184;5
2325;57;169;188;19
2326;58;152;152;0
2327;54;176;174;2
2328;51;157;154;3
2329;48;141;125;16
2330;45;180;184;4
2331;52;191;190;1
2332;48;131;125;6
2333;54;161;174;13
2334;48;132;125;7
2335;59;186;188;2
2336;45;182;184;2
2337;58;154;152;2
2338;50;175;188;13
2339;48;132;125;7
2340;54;164;174;10
2341;49;194;196;2
2342;58;146;152;6
2343;57;171;188;17
2344;59;167;188;21
2345;56;118;123;5
2346;48;140;125;15
2347;47;127;118;9
2348;54;167;174;7
2349;55;189;189;0
2350;54;176;174;2
2351;54;162;174;12
2352;58;150;152;2
2353;50;170;188;18
2354;45;183;184;1
2355;50;175;188;13
2356;46;117;103;14
2357;58;166;152;14
2358;59;165;188;23
2359;56;138;123;15
2360;58;147;152;5
2361;54;156;174;18
2362;50;185;188;3
2363;54;170;174;4
2364;57;165;188;23
2365;49;195;196;1
2366;56;145;123;22
2367;45;154;184;30
2368;51;155;154;1
2369;58;146;152;6
2370;56;126;123;3
2371;51;155;154;1
2372;51;163;154;9
2373;45;160;184;24
2374;50;186;188;2
2375;54;170;174;4
2376;58;158;152;6
2377;48;146;125;21
2378;58;147;152;5
2379;58;150;152;2
2380;51;154;154;0
2381;47;120;118;2
2382;56;125;123;2
2383;51;151;154;3
2384;56;129;123;6
2385;56;146;123;23
2386;54;165;174;9
2387;58;158;152;6
2388;47;135;118;17
2389;56;124;123;1
2390;48;134;125;9
2391;48;134;125;9
2392;54;166;174;8
2393;45;181;184;3
2394;47;115;118;3
2395;51;154;154;0
2396;54;171;174;3
2397;58;152;152;0
2398;48;140;125;15
2399;56;143;123;20
2400;47;115;118;3
2401;55;169;189;20
2402;58;153;152;1
2403;48;143;125;18
2404;59;183;188;5
2405;46;112;103;9
2406;56;148;123;25
2407;45;164;184;20
2408;48;123;125;2
2409;48;134;125;9
2410;50;175;188;13
2411;56;131;123;8
2412;47;136;118;18
2413;54;170;174;4
2414;58;142;152;10
2415;56;139;123;16
2416;55;177;189;12
2417;47;111;118;7
2418;51;144;154;10
2419;48;135;125;10
2420;56;135;123;12
2421;48;147;125;22
2422;51;148;154;6
2423;54;165;174;9
2424;54;156;174;18
2425;50;159;188;29
2426;48;133;125;8
2427;58;141;152;11
2428;54;169;174;5
2429;47;116;118;2
2430;46;110;103;7
2431;45;163;184;21
2432;48;134;125;9
2433;58;152;152;0
2434;54;171;174;3
2435;58;144;152;8
2436;48;130;125;5
2437;56;133;123;10
2438;51;140;154;14
2439;54;167;174;7
2440;45;160;184;24
2441;58;145;152;7
2442;56;145;123;22
2443;50;175;188;13
2444;48;136;125;11
2445;56;129;123;6
2446;47;133;118;15
2447;58;156;152;4
2448;46;110;103;7
2449;51;151;154;3
2450;51;158;154;4
2451;54;164;174;10
2452;50;167;188;21
2453;48;125;125;0
2454;56;143;123;20
2455;58;152;152;0
2456;58;148;152;4
2457;51;152;154;2
2458;50;165;188;23
2459;47;115;118;3
2460;46;112;103;9
2461;59;177;188;11
2462;51;139;154;15
2463;58;134;152;18
2464;45;160;184;24
2465;58;153;152;1
2466;51;150;154;4
2467;46;116;103;13
2468;51;154;154;0
2469;48;142;125;17
2470;45;171;184;13
2471;58;141;152;11
2472;56;134;123;11
2473;51;158;154;4
2474;48;144;125;19
2475;58;147;152;5
2476;47;144;118;26
2477;58;147;152;5
2478;57;163;188;25
2479;50;183;188;5
2480;48;134;125;9
2481;47;140;118;22
2482;56;124;123;1
2483;48;130;125;5
2484;57;165;188;23
2485;47;115;118;3
2486;58;135;152;17
2487;56;143;123;20
2488;45;181;184;3
2489;48;135;125;10
2490;50;169;188;19
2491;54;171;174;3
2492;47;120;118;2
2493;58;146;152;6
2494;56;135;123;12
2495;48;134;125;9
2496;58;148;152;4
2497;56;140;123;17
2498;51;154;154;0
2499;48;131;125;6
2500;56;133;123;10
2501;54;170;174;4
2502;59;169;188;19
2503;48;146;125;21
2504;47;111;118;7
2505;56;123;123;0
2506;54;159;174;15
2507;51;166;154;12
2508;56;137;123;14
2509;59;160;188;28
2510;54;156;174;18
2511;47;121;118;3
2512;46;117;103;14
2513;51;148;154;6
2514;46;117;103;14
2515;48;139;125;14
2516;51;160;154;6
2517;47;138;118;20
2518;51;152;154;2
2519;56;133;123;10
2520;45;169;184;15
2521;48;139;125;14
2522;56;126;123;3
2523;46;129;103;26
2524;47;129;118;11
2525;51;147;154;7
2526;46;134;103;31
2527;48;147;125;22
2528;46;109;103;6
2529;56;124;123;1
2530;57;160;188;28
2531;54;165;174;9
2532;51;156;154;2
2533;54;168;174;6
2534;56;121;123;2
2535;46;112;103;9
2536;56;121;123;2
2537;54;161;174;13
2538;48;134;125;9
2539;51;155;154;1
2540;56;121;123;2
2541;51;151;154;3
2542;56;125;123;2
2543;58;153;152;1
2544;56;122;123;1
2545;46;112;103;9
2546;47;116;118;2
2547;58;142;152;10
2548;50;164;188;24
2549;45;183;184;1
2550;54;164;174;10
2551;46;144;103;41
2552;48;125;125;0
2553;58;148;152;4
2554;56;125;123;2
2555;48;133;125;8
2556;56;121;123;2
2557;48;130;125;5
2558;56;129;123;6
2559;52;191;190;1
2560;47;116;118;2
2561;54;152;174;22
2562;54;165;174;9
2563;59;159;188;29
2564;51;147;154;7
2565;56;117;123;6
2566;47;142;118;24
2567;47;109;118;9
2568;45;156;184;28
2569;46;134;103;31
2570;58;138;152;14
2571;47;126;118;8
2572;46;104;103;1
2573;45;182;184;2
2574;57;182;188;6
2575;48;125;125;0
2576;56;122;123;1
2577;57;160;188;28
2578;46;129;103;26
2579;56;121;123;2
2580;54;165;174;9
2581;48;139;125;14
2582;48;137;125;12
2583;51;155;154;1
2584;47;126;118;8
2585;56;117;123;6
2586;45;165;184;19
2587;46;117;103;14
2588;48;125;125;0
2589;56;124;123;1
2590;59;152;188;36
2591;51;156;154;2
2592;57;161;188;27
2593;54;164;174;10
2594;58;142;152;10
2595;54;147;174;27
2596;46;104;103;1
2597;48;121;125;4
2598;47;121;118;3
2599;45;152;184;32
2600;47;117;118;1
2601;47;116;118;2
2602;56;142;123;19
2603;53;191;190;1
2604;48;129;125;4
2605;47;133;118;15
2606;54;164;174;10
2607;45;156;184;28
2608;46;109;103;6
2609;51;148;154;6
2610;45;159;184;25
2611;56;121;123;2
2612;56;126;123;3
2613;46;138;103;35
2614;48;139;125;14
2615;51;156;154;2
2616;48;133;125;8
2617;56;134;123;11
2618;51;144;154;10
2619;47;112;118;6
2620;48;147;125;22
2621;54;169;174;5
2622;57;168;188;20
2623;47;109;118;9
2624;51;148;154;6
2625;46;138;103;35
2626;48;125;125;0
2627;56;151;123;28
2628;48;134;125;9
2629;59;160;188;28
2630;48;147;125;22
2631;58;153;152;1
2632;46;134;103;31
2633;56;112;123;11
2634;47;116;118;2
2635;57;160;188;28
2636;45;183;184;1
2637;47;121;118;3
2638;48;130;125;5
2639;48;129;125;4
2640;74;11;11;0
2641;63;27;27;0
2642;60;56;67;11
2643;61;13;14;1
2644;66;40;38;2
2645;73;51;53;2
2646;73;49;53;4
2647;72;17;23;6
2648;63;25;27;2
2649;71;52;68;16
2650;72;10;23;13
2651;66;45;38;7
2652;67;34;34;0
2653;66;40;38;2
2654;72;13;23;10
2655;72;23;23;0
2656;65;79;73;6
2657;74;10;11;1
2658;68;30;31;1
2659;67;32;34;2
2660;72;9;23;14
2661;67;36;34;2
2662;61;23;14;9
2663;60;67;67;0
2664;74;21;11;10
2665;61;15;14;1
2666;72;5;23;18
2667;60;62;67;5
2668;66;48;38;10
2669;64;46;43;3
2670;71;65;68;3
2671;68;41;31;10
2672;67;35;34;1
2673;61;14;14;0
2674;74;14;11;3
2675;68;28;31;3
2676;63;26;27;1
2677;66;40;38;2
2678;63;28;27;1
2679;61;18;14;4
2680;73;49;53;4
2681;66;37;38;1
2682;74;14;11;3
2683;61;17;14;3
2684;60;57;67;10
2685;63;28;27;1
2686;66;37;38;1
2687;64;44;43;1
2688;71;70;68;2
2689;61;14;14;0
2690;73;44;53;9
2691;63;29;27;2
2692;61;5;14;9
2693;67;35;34;1
2694;68;32;31;1
2695;61;6;14;8
2696;73;48;53;5
2697;63;26;27;1
2698;73;53;53;0
2699;68;31;31;0
2700;60;59;67;8
2701;74;9;11;2
2702;68;32;31;1
2703;73;48;53;5
2704;68;31;31;0
2705;72;18;23;5
2706;72;18;23;5
2707;74;14;11;3
2708;63;26;27;1
2709;72;25;23;2
2710;64;44;43;1
2711;71;70;68;2
2712;68;32;31;1
2713;61;17;14;3
2714;74;11;11;0
2715;67;41;34;7
2716;71;48;68;20
2717;73;49;53;4
2718;60;67;67;0
2719;63;26;27;1
2720;66;37;38;1
2721;67;36;34;2
2722;61;10;14;4
2723;72;21;23;2
2724;68;46;31;15
2725;64;49;43;6
2726;72;18;23;5
2727;60;48;67;19
2728;68;31;31;0
2729;63;5;27;22
2730;61;13;14;1
2731;67;35;34;1
2732;64;40;43;3
2733;63;28;27;1
2734;73;53;53;0
2735;68;29;31;2
2736;72;23;23;0
2737;66;45;38;7
2738;61;14;14;0
2739;60;56;67;11
2740;68;31;31;0
2741;63;28;27;1
2742;61;6;14;8
2743;66;48;38;10
2744;72;13;23;10
2745;68;32;31;1
2746;64;40;43;3
2747;73;59;53;6
2748;73;44;53;9
2749;68;30;31;1
2750;63;17;27;10
2751;60;62;67;5
2752;74;10;11;1
2753;67;34;34;0
2754;74;15;11;4
2755;61;9;14;5
2756;73;51;53;2
2757;64;52;43;9
2758;65;57;73;16
2759;61;14;14;0
2760;60;65;67;2
2761;72;23;23;0
2762;68;32;31;1
2763;63;28;27;1
2764;74;9;11;2
2765;66;40;38;2
2766;74;5;11;6
2767;72;27;23;4
2768;66;37;38;1
2769;67;35;34;1
2770;61;14;14;0
2771;65;79;73;6
2772;67;33;34;1
2773;60;46;67;21
2774;66;46;38;8
2775;68;36;31;5
2776;67;35;34;1
2777;65;72;73;1
2778;63;50;27;23
2779;66;41;38;3
2780;65;71;73;2
2781;64;42;43;1
2782;68;32;31;1
2783;67;33;34;1
2784;73;52;53;1
2785;64;49;43;6
2786;63;27;27;0
2787;64;49;43;6
2788;68;49;31;18
2789;66;41;38;3
2790;64;42;43;1
2791;73;49;53;4
2792;63;27;27;0
2793;60;52;67;15
2794;72;30;23;7
2795;71;69;68;1
2796;68;41;31;10
2797;63;30;27;3
2798;67;35;34;1
2799;68;52;31;21
2800;67;41;34;7
2801;60;69;67;2
2802;66;47;38;9
2803;63;49;27;22
2804;64;45;43;2
2805;73;49;53;4
2806;63;25;27;2
2807;73;54;53;1
2808;68;32;31;1
2809;64;44;43;1
2810;73;52;53;1
2811;72;25;23;2
2812;66;46;38;8
2813;71;68;68;0
2814;66;41;38;3
2815;72;32;23;9
2816;64;49;43;6
2817;73;63;53;10
2818;68;33;31;2
2819;73;49;53;4
2820;64;50;43;7
2821;74;16;11;5
2822;67;44;34;10
2823;71;68;68;0
2824;64;44;43;1
2825;73;46;53;7
2826;60;64;67;3
2827;64;49;43;6
2828;64;49;43;6
2829;64;41;43;2
2830;68;30;31;1
2831;67;35;34;1
2832;65;71;73;2
2833;67;44;34;10
2834;67;30;34;4
2835;72;32;23;9
2836;65;44;73;29
2837;64;46;43;3
2838;64;46;43;3
2839;63;25;27;2
2840;68;32;31;1
2841;71;71;68;3
2842;63;44;27;17
2843;73;50;53;3
2844;60;64;67;3
2845;66;41;38;3
2846;67;33;34;1
2847;73;49;53;4
2848;63;32;27;5
2849;66;50;38;12
2850;62;69;92;23
2851;66;41;38;3
2852;68;33;31;2
2853;71;52;68;16
2854;68;32;31;1
2855;66;41;38;3
2856;71;69;68;1
2857;66;46;38;8
2858;63;25;27;2
2859;65;49;73;24
2860;66;44;38;6
2861;66;35;38;3
2862;68;36;31;5
2863;73;46;53;7
2864;67;35;34;1
2865;64;52;43;9
2866;68;30;31;1
2867;60;68;67;1
2868;73;49;53;4
2869;67;33;34;1
2870;66;41;38;3
2871;64;46;43;3
2872;67;35;34;1
2873;64;63;43;20
2874;64;49;43;6
2875;67;41;34;7
2876;63;27;27;0
2877;72;30;23;7
2878;73;49;53;4
2879;65;71;73;2
2880;60;49;67;18
2881;66;42;38;4
2882;68;32;31;1
2883;73;52;53;1
2884;67;41;34;7
2885;73;52;53;1
2886;68;30;31;1
2887;63;27;27;0
2888;65;72;73;1
2889;67;42;34;8
2890;63;49;27;22
2891;73;49;53;4
2892;64;47;43;4
2893;63;30;27;3
2894;64;49;43;6
2895;73;54;53;1
2896;67;44;34;10
2897;64;44;43;1
2898;68;44;31;13
2899;71;46;68;22
2900;60;68;67;1
2901;66;45;38;7
2902;74;16;11;5
2903;64;49;43;6
2904;64;45;43;2
2905;66;44;38;6
2906;72;21;23;2
2907;62;81;92;11
2908;65;79;73;6
2909;66;42;38;4
2910;68;43;31;12
2911;67;42;34;8
2912;66;45;38;7
2913;65;60;73;13
2914;67;40;34;6
2915;62;82;92;10
2916;71;78;68;10
2917;61;6;14;8
2918;65;78;73;5
2919;66;46;38;8
2920;71;61;68;7
2921;64;43;43;0
2922;62;82;92;10
2923;74;7;11;4
2924;71;75;68;7
2925;73;49;53;4
2926;66;42;38;4
2927;64;57;43;14
2928;66;45;38;7
2929;64;43;43;0
2930;64;42;43;1
2931;64;46;43;3
2932;71;57;68;11
2933;71;80;68;12
2934;73;58;53;5
2935;64;47;43;4
2936;66;45;38;7
2937;72;9;23;14
2938;65;78;73;5
2939;71;75;68;7
2940;65;76;73;3
2941;62;82;92;10
2942;74;9;11;2
2943;62;81;92;11
2944;63;22;27;5
2945;64;42;43;1
2946;60;46;67;21
2947;67;39;34;5
2948;62;84;92;8
2949;65;78;73;5
2950;64;42;43;1
2951;63;24;27;3
2952;72;21;23;2
2953;60;75;67;8
2954;70;85;93;8
2955;66;43;38;5
2956;73;45;53;8
2957;64;43;43;0
2958;65;81;73;8
2959;74;10;11;1
2960;66;46;38;8
2961;62;79;92;13
2962;60;57;67;10
2963;66;39;38;1
2964;70;83;93;10
2965;73;48;53;5
2966;65;79;73;6
2967;71;54;68;14
2968;63;42;27;15
2969;61;7;14;7
2970;61;7;14;7
2971;65;78;73;5
2972;71;76;68;8
2973;66;45;38;7
2974;70;85;93;8
2975;72;21;23;2
2976;62;81;92;11
2977;67;42;34;8
2978;64;45;43;2
2979;68;47;31;16
2980;60;54;67;13
2981;67;43;34;9
2982;64;57;43;14
2983;70;79;93;14
2984;64;42;43;1
2985;73;49;53;4
2986;66;40;38;2
2987;64;45;43;2
2988;62;80;92;12
2989;72;22;23;1
2990;62;81;92;11
2991;73;46;53;7
2992;72;42;23;19
2993;64;42;43;1
2994;65;81;73;8
2995;64;43;43;0
2996;65;79;73;6
2997;74;9;11;2
2998;71;57;68;11
2999;64;43;43;0
3000;64;46;43;3
3001;70;82;93;11
3002;64;46;43;3
3003;61;21;14;7
3004;66;39;38;1
3005;65;78;73;5
3006;74;10;11;1
3007;60;57;67;10
3008;60;78;67;11
3009;65;79;73;6
3010;61;6;14;8
3011;62;83;92;9
3012;72;24;23;1
3013;65;82;73;9
3014;66;39;38;1
3015;68;46;31;15
3016;66;43;38;5
3017;65;78;73;5
3018;66;43;38;5
3019;71;75;68;7
3020;66;42;38;4
3021;60;60;67;7
3022;62;84;92;8
3023;72;9;23;14
3024;71;58;68;10
3025;66;42;38;4
3026;74;7;11;4
3027;65;75;73;2
3028;66;48;38;10
3029;70;82;93;11
3030;66;45;38;7
3031;63;44;27;17
3032;64;42;43;1
3033;64;45;43;2
3034;60;75;67;8
3035;60;61;67;6
3036;72;27;23;4
3037;73;51;53;2
3038;64;49;43;6
3039;60;63;67;4
3040;63;28;27;1
3041;67;38;34;4
3042;64;48;43;5
3043;60;60;67;7
3044;64;49;43;6
3045;73;52;53;1
3046;63;26;27;1
3047;72;22;23;1
3048;72;42;23;19
3049;63;30;27;3
3050;64;43;43;0
3051;60;59;67;8
3052;67;37;34;3
3053;73;46;53;7
3054;71;68;68;0
3055;61;16;14;2
3056;73;53;53;0
3057;63;29;27;2
3058;68;34;31;3
3059;73;57;53;4
3060;73;50;53;3
3061;72;20;23;3
3062;68;33;31;2
3063;72;18;23;5
3064;65;62;73;11
3065;65;74;73;1
3066;60;67;67;0
3067;72;21;23;2
3068;68;33;31;2
3069;67;41;34;7
3070;64;47;43;4
3071;64;48;43;5
3072;71;58;68;10
3073;73;48;53;5
3074;72;23;23;0
3075;67;37;34;3
3076;68;35;31;4
3077;73;56;53;3
3078;63;36;27;9
3079;68;40;31;9
3080;73;54;53;1
3081;71;68;68;0
3082;61;17;14;3
3083;66;42;38;4
3084;67;32;34;2
3085;63;27;27;0
3086;66;38;38;0
3087;68;41;31;10
3088;60;53;67;14
3089;60;66;67;1
3090;71;58;68;10
3091;63;26;27;1
3092;67;36;34;2
3093;65;78;73;5
3094;67;36;34;2
3095;72;23;23;0
3096;64;44;43;1
3097;66;43;38;5
3098;73;52;53;1
3099;66;42;38;4
3100;64;43;43;0
3101;67;33;34;1
3102;67;33;34;1
3103;66;47;38;9
3104;73;58;53;5
3105;60;49;67;18
3106;68;38;31;7
3107;67;32;34;2
3108;71;58;68;10
3109;65;60;73;13
3110;63;27;27;0
3111;72;21;23;2
3112;66;42;38;4
3113;64;48;43;5
3114;73;57;53;4
3115;65;78;73;5
3116;61;17;14;3
3117;63;29;27;2
3118;72;26;23;3
3119;73;50;53;3
3120;65;74;73;1
3121;67;35;34;1
3122;66;37;38;1
3123;63;36;27;9
3124;64;43;43;0
3125;68;33;31;2
3126;71;63;68;5
3127;60;66;67;1
3128;63;28;27;1
3129;72;23;23;0
3130;66;36;38;2
3131;66;41;38;3
3132;71;59;68;9
3133;61;22;14;8
3134;67;36;34;2
3135;73;49;53;4
3136;72;23;23;0
3137;71;68;68;0
3138;63;26;27;1
3139;71;62;68;6
3140;64;43;43;0
3141;60;52;67;15
3142;63;30;27;3
3143;64;44;43;1
3144;64;42;43;1
3145;71;68;68;0
3146;64;40;43;3
3147;61;18;14;4
3148;64;46;43;3
3149;64;42;43;1
3150;72;20;23;3
3151;73;53;53;0
3152;67;38;34;4
3153;73;52;53;1
3154;71;54;68;14
3155;64;41;43;2
3156;65;67;73;6
3157;68;34;31;3
3158;61;16;14;2
3159;71;48;68;20
3160;64;43;43;0
3161;73;48;53;5
3162;60;53;67;14
3163;73;51;53;2
3164;73;56;53;3
3165;68;33;31;2
3166;63;27;27;0
3167;66;37;38;1
3168;68;42;31;11
3169;71;46;68;22
3170;73;51;53;2
3171;64;44;43;1
3172;73;51;53;2
3173;64;44;43;1
3174;61;16;14;2
3175;71;54;68;14
3176;73;52;53;1
3177;66;41;38;3
3178;60;58;67;9
3179;73;57;53;4
3180;60;67;67;0
3181;68;32;31;1
3182;66;39;38;1
3183;63;24;27;3
3184;73;53;53;0
3185;71;63;68;5
3186;63;27;27;0
3187;66;41;38;3
3188;64;50;43;7
3189;64;42;43;1
3190;71;54;68;14
3191;65;63;73;10
3192;67;42;34;8
3193;71;64;68;4
3194;66;36;38;2
3195;63;34;27;7
3196;73;53;53;0
3197;73;49;53;4
3198;67;35;34;1
3199;65;64;73;9
3200;72;22;23;1
3201;66;40;38;2
3202;60;56;67;11
3203;60;61;67;6
3204;67;33;34;1
3205;60;56;67;11
3206;61;20;14;6
3207;64;45;43;2
3208;71;60;68;8
3209;65;64;73;9
3210;73;52;53;1
3211;64;48;43;5
3212;66;39;38;1
3213;60;66;67;1
3214;67;34;34;0
3215;67;39;34;5
3216;68;31;31;0
3217;73;51;53;2
3218;64;45;43;2
3219;65;74;73;1
3220;67;42;34;8
3221;66;36;38;2
3222;73;55;53;2
3223;66;49;38;11
3224;60;54;67;13
3225;66;38;38;0
3226;71;53;68;15
3227;63;28;27;1
3228;71;67;68;1
3229;68;30;31;1
3230;66;39;38;1
3231;60;47;67;20
3232;67;34;34;0
3233;73;61;53;8
3234;60;61;67;6
3235;73;56;53;3
3236;67;33;34;1
3237;73;52;53;1
3238;67;45;34;11
3239;68;31;31;0
3240;64;55;43;12
3241;73;54;53;1
3242;66;42;38;4
3243;65;64;73;9
3244;64;47;43;4
3245;61;16;14;2
3246;71;63;68;5
3247;67;38;34;4
3248;67;34;34;0
3249;64;42;43;1
3250;60;58;67;9
3251;67;42;34;8
3252;73;49;53;4
3253;60;60;67;7
3254;64;45;43;2
3255;71;54;68;14
3256;67;34;34;0
3257;67;36;34;2
3258;66;44;38;6
3259;63;36;27;9
3260;73;51;53;2
3261;61;20;14;6
3262;60;53;67;14
3263;65;74;73;1
3264;63;24;27;3
3265;60;57;67;10
3266;73;52;53;1
3267;71;51;68;17
3268;63;28;27;1
3269;60;66;67;1
3270;68;49;31;18
3271;73;53;53;0
3272;66;39;38;1
3273;66;39;38;1
3274;67;32;34;2
3275;71;67;68;1
3276;67;39;34;5
3277;63;27;27;0
3278;73;48;53;5
3279;63;34;27;7
3280;71;63;68;5
3281;71;67;68;1
3282;60;64;67;3
3283;64;50;43;7
3284;64;44;43;1
3285;66;41;38;3
3286;68;39;31;8
3287;66;40;38;2
3288;67;35;34;1
3289;73;54;53;1
3290;66;41;38;3
3291;60;61;67;6
3292;68;30;31;1
3293;60;56;67;11
3294;67;42;34;8
3295;64;46;43;3
3296;71;64;68;4
3297;72;22;23;1
3298;73;51;53;2
3299;73;53;53;0
